114
24
28
214
220
330
333
336
339
342
747
450
455
456
457
458
459
460
461
462
463
464
465
466
467
468
469
470
471
772
773
474
175
476
477
178
479
180
481
482
183
484
685
186
187
488
489
190
695
397
3100
3103
7105
3108
6110
7130
7135
7140
7145
3146
2147
2148
2149
2150
2151
2152
2153
2154
2155
2156
2157
2158
2159
7160
6175
3178
3181
3184
2187
3190
5200
7210
7225
7240
5250
6252
6254
6256
6258
6260
6262
6264
6266
6268
6270
5271
5278
5280
5282
5284
5286
5287
5288
5289
5290
5291
5292
5293
5294
5295
5296
5297
5298
5299
5300